-31 -17 -52 9 -5 -37 4 -6 -6 -28 127 127 127 96 93 64 -64 -42 -4 8 9 0 -41 -20 32 69 127 54 -55 102 127 80 -51 -77 -74 -37 -37 -19 -67 11 -67 -55 7 -2 39 -35 -11 53 127 -7 
-31 -17 -52 9 -5 -37 4 -6 -6 -28 127 127 127 96 93 64 -64 -42 -4 8 9 0 -41 -20 32 69 127 54 -55 102 127 80 -51 -77 -74 -37 -37 -19 -67 11 -67 -55 7 -2 39 -35 -11 53 127 -7 
-31 -17 -52 9 -5 -37 4 -6 -6 -28 127 127 127 96 93 64 -64 -42 -4 8 9 0 -41 -20 32 69 127 54 -55 102 127 80 -51 -77 -74 -37 -37 -19 -67 11 -67 -55 7 -2 39 -35 -11 53 127 -7 
-31 -17 -52 9 -5 -37 4 -6 -6 -28 127 127 127 96 93 64 -64 -42 -4 8 9 0 -41 -20 32 69 127 54 -55 102 127 80 -51 -77 -74 -37 -37 -19 -67 11 -67 -55 7 -2 39 -35 -11 53 127 -7 
-31 -17 -52 9 -5 -37 4 -6 -6 -28 127 127 127 96 93 64 -64 -42 -4 8 9 0 -41 -20 32 69 127 54 -55 102 127 80 -51 -77 -74 -37 -37 -19 -67 11 -67 -55 7 -2 39 -35 -11 53 127 -7 
-56 -56 -30 -53 11 -39 -38 -21 -24 -67 82 22 69 10 11 47 -107 -79 -13 46 5 -18 -73 -93 -41 -9 87 59 -109 84 91 30 -53 -86 -97 -79 -100 -61 -70 34 -59 -38 33 51 47 -53 -74 -47 127 48 
-56 -56 -30 -53 11 -39 -38 -21 -24 -67 82 22 69 10 11 47 -107 -79 -13 46 5 -18 -73 -93 -41 -9 87 59 -109 84 91 30 -53 -86 -97 -79 -100 -61 -70 34 -59 -38 33 51 47 -53 -74 -47 127 48 
-56 -56 -30 -53 11 -39 -38 -21 -24 -67 82 22 69 10 11 47 -107 -79 -13 46 5 -18 -73 -93 -41 -9 87 59 -109 84 91 30 -53 -86 -97 -79 -100 -61 -70 34 -59 -38 33 51 47 -53 -74 -47 127 48 
-56 -56 -30 -53 11 -39 -38 -21 -24 -67 82 22 69 10 11 47 -107 -79 -13 46 5 -18 -73 -93 -41 -9 87 59 -109 84 91 30 -53 -86 -97 -79 -100 -61 -70 34 -59 -38 33 51 47 -53 -74 -47 127 48 
-56 -56 -30 -53 11 -39 -38 -21 -24 -67 82 22 69 10 11 47 -107 -79 -13 46 5 -18 -73 -93 -41 -9 87 59 -109 84 91 30 -53 -86 -97 -79 -100 -61 -70 34 -59 -38 33 51 47 -53 -74 -47 127 48 
-85 -109 -65 -84 -25 -90 -107 -87 -33 -11 1 -92 -45 -40 -15 13 -48 -100 -33 0 -73 -84 -89 -110 -105 -97 -16 9 11 51 -39 -75 -74 -74 -91 -85 -90 -61 -16 44 -2 -25 -15 -19 -6 -53 -90 -36 84 26 
-85 -109 -65 -84 -25 -90 -107 -87 -33 -11 1 -92 -45 -40 -15 13 -48 -100 -33 0 -73 -84 -89 -110 -105 -97 -16 9 11 51 -39 -75 -74 -74 -91 -85 -90 -61 -16 44 -2 -25 -15 -19 -6 -53 -90 -36 84 26 
-85 -109 -65 -84 -25 -90 -107 -87 -33 -11 1 -92 -45 -40 -15 13 -48 -100 -33 0 -73 -84 -89 -110 -105 -97 -16 9 11 51 -39 -75 -74 -74 -91 -85 -90 -61 -16 44 -2 -25 -15 -19 -6 -53 -90 -36 84 26 
-85 -109 -65 -84 -25 -90 -107 -87 -33 -11 1 -92 -45 -40 -15 13 -48 -100 -33 0 -73 -84 -89 -110 -105 -97 -16 9 11 51 -39 -75 -74 -74 -91 -85 -90 -61 -16 44 -2 -25 -15 -19 -6 -53 -90 -36 84 26 
-85 -109 -65 -84 -25 -90 -107 -87 -33 -11 1 -92 -45 -40 -15 13 -48 -100 -33 0 -73 -84 -89 -110 -105 -97 -16 9 11 51 -39 -75 -74 -74 -91 -85 -90 -61 -16 44 -2 -25 -15 -19 -6 -53 -90 -36 84 26 
-78 -66 -47 -28 -28 -66 -99 -79 -37 -13 -22 -49 -78 -46 -3 -14 -43 -38 -25 -40 -71 -87 -99 -119 -105 -89 -77 -70 -15 20 -39 -100 -104 -58 -57 -90 -106 -35 30 42 -29 -93 -91 -115 -68 -57 -46 12 51 -15 
-78 -66 -47 -28 -28 -66 -99 -79 -37 -13 -22 -49 -78 -46 -3 -14 -43 -38 -25 -40 -71 -87 -99 -119 -105 -89 -77 -70 -15 20 -39 -100 -104 -58 -57 -90 -106 -35 30 42 -29 -93 -91 -115 -68 -57 -46 12 51 -15 
-78 -66 -47 -28 -28 -66 -99 -79 -37 -13 -22 -49 -78 -46 -3 -14 -43 -38 -25 -40 -71 -87 -99 -119 -105 -89 -77 -70 -15 20 -39 -100 -104 -58 -57 -90 -106 -35 30 42 -29 -93 -91 -115 -68 -57 -46 12 51 -15 
-78 -66 -47 -28 -28 -66 -99 -79 -37 -13 -22 -49 -78 -46 -3 -14 -43 -38 -25 -40 -71 -87 -99 -119 -105 -89 -77 -70 -15 20 -39 -100 -104 -58 -57 -90 -106 -35 30 42 -29 -93 -91 -115 -68 -57 -46 12 51 -15 
-78 -66 -47 -28 -28 -66 -99 -79 -37 -13 -22 -49 -78 -46 -3 -14 -43 -38 -25 -40 -71 -87 -99 -119 -105 -89 -77 -70 -15 20 -39 -100 -104 -58 -57 -90 -106 -35 30 42 -29 -93 -91 -115 -68 -57 -46 12 51 -15 
-63 -47 -37 -23 -28 -52 -66 -67 -64 -63 -69 -77 -100 -67 -39 -66 -104 -53 -45 -75 -82 -81 -97 -101 -96 -107 -114 -105 -45 -2 -14 -57 -66 -39 -36 -56 -56 -20 19 16 -36 -89 -96 -94 -93 -103 -74 -4 21 -24 
-63 -47 -37 -23 -28 -52 -66 -67 -64 -63 -69 -77 -100 -67 -39 -66 -104 -53 -45 -75 -82 -81 -97 -101 -96 -107 -114 -105 -45 -2 -14 -57 -66 -39 -36 -56 -56 -20 19 16 -36 -89 -96 -94 -93 -103 -74 -4 21 -24 
-63 -47 -37 -23 -28 -52 -66 -67 -64 -63 -69 -77 -100 -67 -39 -66 -104 -53 -45 -75 -82 -81 -97 -101 -96 -107 -114 -105 -45 -2 -14 -57 -66 -39 -36 -56 -56 -20 19 16 -36 -89 -96 -94 -93 -103 -74 -4 21 -24 
-63 -47 -37 -23 -28 -52 -66 -67 -64 -63 -69 -77 -100 -67 -39 -66 -104 -53 -45 -75 -82 -81 -97 -101 -96 -107 -114 -105 -45 -2 -14 -57 -66 -39 -36 -56 -56 -20 19 16 -36 -89 -96 -94 -93 -103 -74 -4 21 -24 
-63 -47 -37 -23 -28 -52 -66 -67 -64 -63 -69 -77 -100 -67 -39 -66 -104 -53 -45 -75 -82 -81 -97 -101 -96 -107 -114 -105 -45 -2 -14 -57 -66 -39 -36 -56 -56 -20 19 16 -36 -89 -96 -94 -93 -103 -74 -4 21 -24 
-71 -75 -82 -64 -61 -84 -101 -104 -109 -114 -114 -87 -64 -50 -47 -57 -64 -58 -66 -99 -110 -97 -112 -112 -99 -112 -108 -67 -29 -5 2 -2 -5 -9 -23 -50 -67 -46 -17 -9 -25 -50 -75 -96 -102 -92 -57 -14 3 -17 
-71 -75 -82 -64 -61 -84 -101 -104 -109 -114 -114 -87 -64 -50 -47 -57 -64 -58 -66 -99 -110 -97 -112 -112 -99 -112 -108 -67 -29 -5 2 -2 -5 -9 -23 -50 -67 -46 -17 -9 -25 -50 -75 -96 -102 -92 -57 -14 3 -17 
-71 -75 -82 -64 -61 -84 -101 -104 -109 -114 -114 -87 -64 -50 -47 -57 -64 -58 -66 -99 -110 -97 -112 -112 -99 -112 -108 -67 -29 -5 2 -2 -5 -9 -23 -50 -67 -46 -17 -9 -25 -50 -75 -96 -102 -92 -57 -14 3 -17 
-71 -75 -82 -64 -61 -84 -101 -104 -109 -114 -114 -87 -64 -50 -47 -57 -64 -58 -66 -99 -110 -97 -112 -112 -99 -112 -108 -67 -29 -5 2 -2 -5 -9 -23 -50 -67 -46 -17 -9 -25 -50 -75 -96 -102 -92 -57 -14 3 -17 
-71 -75 -82 -64 -61 -84 -101 -104 -109 -114 -114 -87 -64 -50 -47 -57 -64 -58 -66 -99 -110 -97 -112 -112 -99 -112 -108 -67 -29 -5 2 -2 -5 -9 -23 -50 -67 -46 -17 -9 -25 -50 -75 -96 -102 -92 -57 -14 3 -17 
-86 -100 -111 -92 -86 -98 -116 -123 -123 -115 -100 -81 -65 -54 -43 -34 -29 -32 -41 -56 -70 -85 -99 -100 -88 -75 -57 -37 -25 -25 -28 -27 -22 -24 -41 -73 -98 -80 -58 -50 -53 -62 -81 -110 -107 -68 -33 -9 -3 -16 
-86 -100 -111 -92 -86 -98 -116 -123 -123 -115 -100 -81 -65 -54 -43 -34 -29 -32 -41 -56 -70 -85 -99 -100 -88 -75 -57 -37 -25 -25 -28 -27 -22 -24 -41 -73 -98 -80 -58 -50 -53 -62 -81 -110 -107 -68 -33 -9 -3 -16 
-86 -100 -111 -92 -86 -98 -116 -123 -123 -115 -100 -81 -65 -54 -43 -34 -29 -32 -41 -56 -70 -85 -99 -100 -88 -75 -57 -37 -25 -25 -28 -27 -22 -24 -41 -73 -98 -80 -58 -50 -53 -62 -81 -110 -107 -68 -33 -9 -3 -16 
-86 -100 -111 -92 -86 -98 -116 -123 -123 -115 -100 -81 -65 -54 -43 -34 -29 -32 -41 -56 -70 -85 -99 -100 -88 -75 -57 -37 -25 -25 -28 -27 -22 -24 -41 -73 -98 -80 -58 -50 -53 -62 -81 -110 -107 -68 -33 -9 -3 -16 
-86 -100 -111 -92 -86 -98 -116 -123 -123 -115 -100 -81 -65 -54 -43 -34 -29 -32 -41 -56 -70 -85 -99 -100 -88 -75 -57 -37 -25 -25 -28 -27 -22 -24 -41 -73 -98 -80 -58 -50 -53 -62 -81 -110 -107 -68 -33 -9 -3 -16 
-71 -66 -64 -65 -70 -81 -97 -115 -122 -104 -89 -81 -80 -82 -74 -57 -41 -29 -23 -22 -24 -30 -35 -35 -27 -17 -14 -22 -44 -74 -104 -103 -80 -61 -51 -49 -53 -60 -70 -81 -86 -81 -73 -64 -52 -37 -23 -16 -18 -28 
-71 -66 -64 -65 -70 -81 -97 -115 -122 -104 -89 -81 -80 -82 -74 -57 -41 -29 -23 -22 -24 -30 -35 -35 -27 -17 -14 -22 -44 -74 -104 -103 -80 -61 -51 -49 -53 -60 -70 -81 -86 -81 -73 -64 -52 -37 -23 -16 -18 -28 
-71 -66 -64 -65 -70 -81 -97 -115 -122 -104 -89 -81 -80 -82 -74 -57 -41 -29 -23 -22 -24 -30 -35 -35 -27 -17 -14 -22 -44 -74 -104 -103 -80 -61 -51 -49 -53 -60 -70 -81 -86 -81 -73 -64 -52 -37 -23 -16 -18 -28 
-71 -66 -64 -65 -70 -81 -97 -115 -122 -104 -89 -81 -80 -82 -74 -57 -41 -29 -23 -22 -24 -30 -35 -35 -27 -17 -14 -22 -44 -74 -104 -103 -80 -61 -51 -49 -53 -60 -70 -81 -86 -81 -73 -64 -52 -37 -23 -16 -18 -28 
-71 -66 -64 -65 -70 -81 -97 -115 -122 -104 -89 -81 -80 -82 -74 -57 -41 -29 -23 -22 -24 -30 -35 -35 -27 -17 -14 -22 -44 -74 -104 -103 -80 -61 -51 -49 -53 -60 -70 -81 -86 -81 -73 -64 -52 -37 -23 -16 -18 -28 
-45 -34 -27 -27 -33 -45 -60 -73 -80 -81 -82 -89 -103 -118 -106 -86 -69 -54 -37 -17 3 21 35 43 44 37 22 -1 -27 -50 -67 -75 -75 -71 -67 -65 -68 -77 -90 -107 -114 -94 -72 -53 -39 -33 -33 -37 -44 -53 
-45 -34 -27 -27 -33 -45 -60 -73 -80 -81 -82 -89 -103 -118 -106 -86 -69 -54 -37 -17 3 21 35 43 44 37 22 -1 -27 -50 -67 -75 -75 -71 -67 -65 -68 -77 -90 -107 -114 -94 -72 -53 -39 -33 -33 -37 -44 -53 
-45 -34 -27 -27 -33 -45 -60 -73 -80 -81 -82 -89 -103 -118 -106 -86 -69 -54 -37 -17 3 21 35 43 44 37 22 -1 -27 -50 -67 -75 -75 -71 -67 -65 -68 -77 -90 -107 -114 -94 -72 -53 -39 -33 -33 -37 -44 -53 
-45 -34 -27 -27 -33 -45 -60 -73 -80 -81 -82 -89 -103 -118 -106 -86 -69 -54 -37 -17 3 21 35 43 44 37 22 -1 -27 -50 -67 -75 -75 -71 -67 -65 -68 -77 -90 -107 -114 -94 -72 -53 -39 -33 -33 -37 -44 -53 
-45 -34 -27 -27 -33 -45 -60 -73 -80 -81 -82 -89 -103 -118 -106 -86 -69 -54 -37 -17 3 21 35 43 44 37 22 -1 -27 -50 -67 -75 -75 -71 -67 -65 -68 -77 -90 -107 -114 -94 -72 -53 -39 -33 -33 -37 -44 -53 
-22 -8 4 10 12 10 3 -5 -16 -27 -38 -48 -57 -64 -71 -78 -82 -78 -61 -35 -5 24 47 61 65 60 44 22 -5 -33 -58 -78 -89 -91 -87 -82 -78 -74 -70 -66 -61 -55 -51 -48 -50 -56 -65 -76 -85 -91 
-22 -8 4 10 12 10 3 -5 -16 -27 -38 -48 -57 -64 -71 -78 -82 -78 -61 -35 -5 24 47 61 65 60 44 22 -5 -33 -58 -78 -89 -91 -87 -82 -78 -74 -70 -66 -61 -55 -51 -48 -50 -56 -65 -76 -85 -91 
-22 -8 4 10 12 10 3 -5 -16 -27 -38 -48 -57 -64 -71 -78 -82 -78 -61 -35 -5 24 47 61 65 60 44 22 -5 -33 -58 -78 -89 -91 -87 -82 -78 -74 -70 -66 -61 -55 -51 -48 -50 -56 -65 -76 -85 -91 
-22 -8 4 10 12 10 3 -5 -16 -27 -38 -48 -57 -64 -71 -78 -82 -78 -61 -35 -5 24 47 61 65 60 44 22 -5 -33 -58 -78 -89 -91 -87 -82 -78 -74 -70 -66 -61 -55 -51 -48 -50 -56 -65 -76 -85 -91 
-22 -8 4 10 12 10 3 -5 -16 -27 -38 -48 -57 -64 -71 -78 -82 -78 -61 -35 -5 24 47 61 65 60 44 22 -5 -33 -58 -78 -89 -91 -87 -82 -78 -74 -70 -66 -61 -55 -51 -48 -50 -56 -65 -76 -85 -91 