0.378009 0.432369 0.298783 0.533499 0.478541 0.354800 0.514464 0.478313 0.477899 0.391129 1.102763 1.051718 1.069281 0.875993 0.862822 0.750004 0.249948 0.337499 0.485280 0.532433 0.536185 0.499998 0.339406 0.420082 0.626739 0.770034 1.010357 0.710925 0.286708 0.897164 1.081496 0.812852 0.300737 0.200394 0.209782 0.356800 0.354443 0.425141 0.238814 0.543012 0.237858 0.286022 0.525976 0.490331 0.650706 0.362459 0.455350 0.706394 1.111589 0.470751 
0.378009 0.432369 0.298783 0.533499 0.478541 0.354800 0.514464 0.478313 0.477899 0.391129 1.102763 1.051718 1.069281 0.875993 0.862822 0.750004 0.249948 0.337499 0.485280 0.532433 0.536185 0.499998 0.339406 0.420082 0.626739 0.770034 1.010357 0.710925 0.286708 0.897164 1.081496 0.812852 0.300737 0.200394 0.209782 0.356800 0.354443 0.425141 0.238814 0.543012 0.237858 0.286022 0.525976 0.490331 0.650706 0.362459 0.455350 0.706394 1.111589 0.470751 
0.378009 0.432369 0.298783 0.533499 0.478541 0.354800 0.514464 0.478313 0.477899 0.391129 1.102763 1.051718 1.069281 0.875993 0.862822 0.750004 0.249948 0.337499 0.485280 0.532433 0.536185 0.499998 0.339406 0.420082 0.626739 0.770034 1.010357 0.710925 0.286708 0.897164 1.081496 0.812852 0.300737 0.200394 0.209782 0.356800 0.354443 0.425141 0.238814 0.543012 0.237858 0.286022 0.525976 0.490331 0.650706 0.362459 0.455350 0.706394 1.111589 0.470751 
0.378009 0.432369 0.298783 0.533499 0.478541 0.354800 0.514464 0.478313 0.477899 0.391129 1.102763 1.051718 1.069281 0.875993 0.862822 0.750004 0.249948 0.337499 0.485280 0.532433 0.536185 0.499998 0.339406 0.420082 0.626739 0.770034 1.010357 0.710925 0.286708 0.897164 1.081496 0.812852 0.300737 0.200394 0.209782 0.356800 0.354443 0.425141 0.238814 0.543012 0.237858 0.286022 0.525976 0.490331 0.650706 0.362459 0.455350 0.706394 1.111589 0.470751 
0.378009 0.432369 0.298783 0.533499 0.478541 0.354800 0.514464 0.478313 0.477899 0.391129 1.102763 1.051718 1.069281 0.875993 0.862822 0.750004 0.249948 0.337499 0.485280 0.532433 0.536185 0.499998 0.339406 0.420082 0.626739 0.770034 1.010357 0.710925 0.286708 0.897164 1.081496 0.812852 0.300737 0.200394 0.209782 0.356800 0.354443 0.425141 0.238814 0.543012 0.237858 0.286022 0.525976 0.490331 0.650706 0.362459 0.455350 0.706394 1.111589 0.470751 
0.282079 0.283080 0.381492 0.291101 0.541371 0.349013 0.351436 0.418464 0.406618 0.238244 0.818619 0.585444 0.770700 0.538470 0.544437 0.682011 0.081553 0.190033 0.449753 0.681559 0.519774 0.428930 0.214428 0.136405 0.337974 0.463227 0.837964 0.729718 0.075208 0.826192 0.854846 0.616789 0.293927 0.163642 0.122632 0.189886 0.108710 0.261411 0.227202 0.631874 0.269419 0.352439 0.627600 0.698452 0.684627 0.292873 0.210074 0.316178 1.029060 0.686792 
0.282079 0.283080 0.381492 0.291101 0.541371 0.349013 0.351436 0.418464 0.406618 0.238244 0.818619 0.585444 0.770700 0.538470 0.544437 0.682011 0.081553 0.190033 0.449753 0.681559 0.519774 0.428930 0.214428 0.136405 0.337974 0.463227 0.837964 0.729718 0.075208 0.826192 0.854846 0.616789 0.293927 0.163642 0.122632 0.189886 0.108710 0.261411 0.227202 0.631874 0.269419 0.352439 0.627600 0.698452 0.684627 0.292873 0.210074 0.316178 1.029060 0.686792 
0.282079 0.283080 0.381492 0.291101 0.541371 0.349013 0.351436 0.418464 0.406618 0.238244 0.818619 0.585444 0.770700 0.538470 0.544437 0.682011 0.081553 0.190033 0.449753 0.681559 0.519774 0.428930 0.214428 0.136405 0.337974 0.463227 0.837964 0.729718 0.075208 0.826192 0.854846 0.616789 0.293927 0.163642 0.122632 0.189886 0.108710 0.261411 0.227202 0.631874 0.269419 0.352439 0.627600 0.698452 0.684627 0.292873 0.210074 0.316178 1.029060 0.686792 
0.282079 0.283080 0.381492 0.291101 0.541371 0.349013 0.351436 0.418464 0.406618 0.238244 0.818619 0.585444 0.770700 0.538470 0.544437 0.682011 0.081553 0.190033 0.449753 0.681559 0.519774 0.428930 0.214428 0.136405 0.337974 0.463227 0.837964 0.729718 0.075208 0.826192 0.854846 0.616789 0.293927 0.163642 0.122632 0.189886 0.108710 0.261411 0.227202 0.631874 0.269419 0.352439 0.627600 0.698452 0.684627 0.292873 0.210074 0.316178 1.029060 0.686792 
0.282079 0.283080 0.381492 0.291101 0.541371 0.349013 0.351436 0.418464 0.406618 0.238244 0.818619 0.585444 0.770700 0.538470 0.544437 0.682011 0.081553 0.190033 0.449753 0.681559 0.519774 0.428930 0.214428 0.136405 0.337974 0.463227 0.837964 0.729718 0.075208 0.826192 0.854846 0.616789 0.293927 0.163642 0.122632 0.189886 0.108710 0.261411 0.227202 0.631874 0.269419 0.352439 0.627600 0.698452 0.684627 0.292873 0.210074 0.316178 1.029060 0.686792 
0.168942 0.074891 0.246586 0.172176 0.401209 0.148201 0.082369 0.160189 0.370094 0.456552 0.502510 0.141894 0.324471 0.343418 0.440125 0.550710 0.313577 0.110141 0.372653 0.501298 0.215240 0.173546 0.150956 0.069577 0.090850 0.121239 0.436259 0.535952 0.544066 0.698738 0.346544 0.205287 0.212126 0.210456 0.144803 0.168600 0.148741 0.260616 0.435741 0.672018 0.492697 0.401465 0.441435 0.424320 0.475726 0.294844 0.146610 0.360928 0.828845 0.600696 
0.168942 0.074891 0.246586 0.172176 0.401209 0.148201 0.082369 0.160189 0.370094 0.456552 0.502510 0.141894 0.324471 0.343418 0.440125 0.550710 0.313577 0.110141 0.372653 0.501298 0.215240 0.173546 0.150956 0.069577 0.090850 0.121239 0.436259 0.535952 0.544066 0.698738 0.346544 0.205287 0.212126 0.210456 0.144803 0.168600 0.148741 0.260616 0.435741 0.672018 0.492697 0.401465 0.441435 0.424320 0.475726 0.294844 0.146610 0.360928 0.828845 0.600696 
0.168942 0.074891 0.246586 0.172176 0.401209 0.148201 0.082369 0.160189 0.370094 0.456552 0.502510 0.141894 0.324471 0.343418 0.440125 0.550710 0.313577 0.110141 0.372653 0.501298 0.215240 0.173546 0.150956 0.069577 0.090850 0.121239 0.436259 0.535952 0.544066 0.698738 0.346544 0.205287 0.212126 0.210456 0.144803 0.168600 0.148741 0.260616 0.435741 0.672018 0.492697 0.401465 0.441435 0.424320 0.475726 0.294844 0.146610 0.360928 0.828845 0.600696 
0.168942 0.074891 0.246586 0.172176 0.401209 0.148201 0.082369 0.160189 0.370094 0.456552 0.502510 0.141894 0.324471 0.343418 0.440125 0.550710 0.313577 0.110141 0.372653 0.501298 0.215240 0.173546 0.150956 0.069577 0.090850 0.121239 0.436259 0.535952 0.544066 0.698738 0.346544 0.205287 0.212126 0.210456 0.144803 0.168600 0.148741 0.260616 0.435741 0.672018 0.492697 0.401465 0.441435 0.424320 0.475726 0.294844 0.146610 0.360928 0.828845 0.600696 
0.168942 0.074891 0.246586 0.172176 0.401209 0.148201 0.082369 0.160189 0.370094 0.456552 0.502510 0.141894 0.324471 0.343418 0.440125 0.550710 0.313577 0.110141 0.372653 0.501298 0.215240 0.173546 0.150956 0.069577 0.090850 0.121239 0.436259 0.535952 0.544066 0.698738 0.346544 0.205287 0.212126 0.210456 0.144803 0.168600 0.148741 0.260616 0.435741 0.672018 0.492697 0.401465 0.441435 0.424320 0.475726 0.294844 0.146610 0.360928 0.828845 0.600696 
0.194218 0.241115 0.317283 0.390744 0.390000 0.242470 0.114120 0.191487 0.356434 0.447604 0.415234 0.310459 0.194683 0.321996 0.488114 0.444219 0.333769 0.352296 0.404097 0.342238 0.223700 0.159763 0.111873 0.035041 0.088839 0.150794 0.201152 0.226986 0.441964 0.578288 0.348773 0.107930 0.093868 0.272834 0.279180 0.148969 0.084799 0.361459 0.616790 0.663233 0.387702 0.136715 0.143205 0.052103 0.232958 0.278564 0.319902 0.547334 0.697817 0.441337 
0.194218 0.241115 0.317283 0.390744 0.390000 0.242470 0.114120 0.191487 0.356434 0.447604 0.415234 0.310459 0.194683 0.321996 0.488114 0.444219 0.333769 0.352296 0.404097 0.342238 0.223700 0.159763 0.111873 0.035041 0.088839 0.150794 0.201152 0.226986 0.441964 0.578288 0.348773 0.107930 0.093868 0.272834 0.279180 0.148969 0.084799 0.361459 0.616790 0.663233 0.387702 0.136715 0.143205 0.052103 0.232958 0.278564 0.319902 0.547334 0.697817 0.441337 
0.194218 0.241115 0.317283 0.390744 0.390000 0.242470 0.114120 0.191487 0.356434 0.447604 0.415234 0.310459 0.194683 0.321996 0.488114 0.444219 0.333769 0.352296 0.404097 0.342238 0.223700 0.159763 0.111873 0.035041 0.088839 0.150794 0.201152 0.226986 0.441964 0.578288 0.348773 0.107930 0.093868 0.272834 0.279180 0.148969 0.084799 0.361459 0.616790 0.663233 0.387702 0.136715 0.143205 0.052103 0.232958 0.278564 0.319902 0.547334 0.697817 0.441337 
0.194218 0.241115 0.317283 0.390744 0.390000 0.242470 0.114120 0.191487 0.356434 0.447604 0.415234 0.310459 0.194683 0.321996 0.488114 0.444219 0.333769 0.352296 0.404097 0.342238 0.223700 0.159763 0.111873 0.035041 0.088839 0.150794 0.201152 0.226986 0.441964 0.578288 0.348773 0.107930 0.093868 0.272834 0.279180 0.148969 0.084799 0.361459 0.616790 0.663233 0.387702 0.136715 0.143205 0.052103 0.232958 0.278564 0.319902 0.547334 0.697817 0.441337 
0.194218 0.241115 0.317283 0.390744 0.390000 0.242470 0.114120 0.191487 0.356434 0.447604 0.415234 0.310459 0.194683 0.321996 0.488114 0.444219 0.333769 0.352296 0.404097 0.342238 0.223700 0.159763 0.111873 0.035041 0.088839 0.150794 0.201152 0.226986 0.441964 0.578288 0.348773 0.107930 0.093868 0.272834 0.279180 0.148969 0.084799 0.361459 0.616790 0.663233 0.387702 0.136715 0.143205 0.052103 0.232958 0.278564 0.319902 0.547334 0.697817 0.441337 
0.253532 0.317750 0.356169 0.408632 0.392135 0.298486 0.242098 0.239619 0.249713 0.252436 0.229425 0.197357 0.110012 0.239471 0.348007 0.241151 0.094426 0.294049 0.324106 0.206877 0.179329 0.182925 0.121355 0.105103 0.123105 0.081873 0.053582 0.091029 0.322271 0.491346 0.446970 0.279272 0.242521 0.347963 0.357993 0.282019 0.281186 0.421400 0.575380 0.563394 0.361249 0.152205 0.124276 0.132349 0.138524 0.097140 0.210001 0.485764 0.582620 0.406953 
0.253532 0.317750 0.356169 0.408632 0.392135 0.298486 0.242098 0.239619 0.249713 0.252436 0.229425 0.197357 0.110012 0.239471 0.348007 0.241151 0.094426 0.294049 0.324106 0.206877 0.179329 0.182925 0.121355 0.105103 0.123105 0.081873 0.053582 0.091029 0.322271 0.491346 0.446970 0.279272 0.242521 0.347963 0.357993 0.282019 0.281186 0.421400 0.575380 0.563394 0.361249 0.152205 0.124276 0.132349 0.138524 0.097140 0.210001 0.485764 0.582620 0.406953 
0.253532 0.317750 0.356169 0.408632 0.392135 0.298486 0.242098 0.239619 0.249713 0.252436 0.229425 0.197357 0.110012 0.239471 0.348007 0.241151 0.094426 0.294049 0.324106 0.206877 0.179329 0.182925 0.121355 0.105103 0.123105 0.081873 0.053582 0.091029 0.322271 0.491346 0.446970 0.279272 0.242521 0.347963 0.357993 0.282019 0.281186 0.421400 0.575380 0.563394 0.361249 0.152205 0.124276 0.132349 0.138524 0.097140 0.210001 0.485764 0.582620 0.406953 
0.253532 0.317750 0.356169 0.408632 0.392135 0.298486 0.242098 0.239619 0.249713 0.252436 0.229425 0.197357 0.110012 0.239471 0.348007 0.241151 0.094426 0.294049 0.324106 0.206877 0.179329 0.182925 0.121355 0.105103 0.123105 0.081873 0.053582 0.091029 0.322271 0.491346 0.446970 0.279272 0.242521 0.347963 0.357993 0.282019 0.281186 0.421400 0.575380 0.563394 0.361249 0.152205 0.124276 0.132349 0.138524 0.097140 0.210001 0.485764 0.582620 0.406953 
0.253532 0.317750 0.356169 0.408632 0.392135 0.298486 0.242098 0.239619 0.249713 0.252436 0.229425 0.197357 0.110012 0.239471 0.348007 0.241151 0.094426 0.294049 0.324106 0.206877 0.179329 0.182925 0.121355 0.105103 0.123105 0.081873 0.053582 0.091029 0.322271 0.491346 0.446970 0.279272 0.242521 0.347963 0.357993 0.282019 0.281186 0.421400 0.575380 0.563394 0.361249 0.152205 0.124276 0.132349 0.138524 0.097140 0.210001 0.485764 0.582620 0.406953 
0.224599 0.206156 0.181235 0.250566 0.261094 0.171933 0.105206 0.095265 0.072387 0.053210 0.055368 0.159408 0.248683 0.304225 0.317679 0.278982 0.249672 0.274408 0.240495 0.112290 0.071482 0.120316 0.062470 0.064157 0.112467 0.063686 0.077934 0.237142 0.387320 0.480760 0.506166 0.493427 0.480707 0.466393 0.410104 0.304197 0.236662 0.321325 0.434832 0.463089 0.403541 0.305811 0.206652 0.123965 0.101053 0.142465 0.275624 0.443524 0.512167 0.432640 
0.224599 0.206156 0.181235 0.250566 0.261094 0.171933 0.105206 0.095265 0.072387 0.053210 0.055368 0.159408 0.248683 0.304225 0.317679 0.278982 0.249672 0.274408 0.240495 0.112290 0.071482 0.120316 0.062470 0.064157 0.112467 0.063686 0.077934 0.237142 0.387320 0.480760 0.506166 0.493427 0.480707 0.466393 0.410104 0.304197 0.236662 0.321325 0.434832 0.463089 0.403541 0.305811 0.206652 0.123965 0.101053 0.142465 0.275624 0.443524 0.512167 0.432640 
0.224599 0.206156 0.181235 0.250566 0.261094 0.171933 0.105206 0.095265 0.072387 0.053210 0.055368 0.159408 0.248683 0.304225 0.317679 0.278982 0.249672 0.274408 0.240495 0.112290 0.071482 0.120316 0.062470 0.064157 0.112467 0.063686 0.077934 0.237142 0.387320 0.480760 0.506166 0.493427 0.480707 0.466393 0.410104 0.304197 0.236662 0.321325 0.434832 0.463089 0.403541 0.305811 0.206652 0.123965 0.101053 0.142465 0.275624 0.443524 0.512167 0.432640 
0.224599 0.206156 0.181235 0.250566 0.261094 0.171933 0.105206 0.095265 0.072387 0.053210 0.055368 0.159408 0.248683 0.304225 0.317679 0.278982 0.249672 0.274408 0.240495 0.112290 0.071482 0.120316 0.062470 0.064157 0.112467 0.063686 0.077934 0.237142 0.387320 0.480760 0.506166 0.493427 0.480707 0.466393 0.410104 0.304197 0.236662 0.321325 0.434832 0.463089 0.403541 0.305811 0.206652 0.123965 0.101053 0.142465 0.275624 0.443524 0.512167 0.432640 
0.224599 0.206156 0.181235 0.250566 0.261094 0.171933 0.105206 0.095265 0.072387 0.053210 0.055368 0.159408 0.248683 0.304225 0.317679 0.278982 0.249672 0.274408 0.240495 0.112290 0.071482 0.120316 0.062470 0.064157 0.112467 0.063686 0.077934 0.237142 0.387320 0.480760 0.506166 0.493427 0.480707 0.466393 0.410104 0.304197 0.236662 0.321325 0.434832 0.463089 0.403541 0.305811 0.206652 0.123965 0.101053 0.142465 0.275624 0.443524 0.512167 0.432640 
0.164832 0.109747 0.067839 0.140799 0.165706 0.117107 0.047882 0.018959 0.018427 0.050567 0.108693 0.182113 0.245744 0.290595 0.330316 0.367051 0.385969 0.376346 0.338047 0.281993 0.224962 0.169367 0.113778 0.109989 0.156358 0.205508 0.276491 0.356264 0.400839 0.401266 0.389414 0.396141 0.414097 0.405964 0.339161 0.216006 0.116251 0.187287 0.274640 0.306165 0.294399 0.256234 0.183537 0.069256 0.080740 0.233186 0.370357 0.463192 0.486833 0.435693 
0.164832 0.109747 0.067839 0.140799 0.165706 0.117107 0.047882 0.018959 0.018427 0.050567 0.108693 0.182113 0.245744 0.290595 0.330316 0.367051 0.385969 0.376346 0.338047 0.281993 0.224962 0.169367 0.113778 0.109989 0.156358 0.205508 0.276491 0.356264 0.400839 0.401266 0.389414 0.396141 0.414097 0.405964 0.339161 0.216006 0.116251 0.187287 0.274640 0.306165 0.294399 0.256234 0.183537 0.069256 0.080740 0.233186 0.370357 0.463192 0.486833 0.435693 
0.164832 0.109747 0.067839 0.140799 0.165706 0.117107 0.047882 0.018959 0.018427 0.050567 0.108693 0.182113 0.245744 0.290595 0.330316 0.367051 0.385969 0.376346 0.338047 0.281993 0.224962 0.169367 0.113778 0.109989 0.156358 0.205508 0.276491 0.356264 0.400839 0.401266 0.389414 0.396141 0.414097 0.405964 0.339161 0.216006 0.116251 0.187287 0.274640 0.306165 0.294399 0.256234 0.183537 0.069256 0.080740 0.233186 0.370357 0.463192 0.486833 0.435693 
0.164832 0.109747 0.067839 0.140799 0.165706 0.117107 0.047882 0.018959 0.018427 0.050567 0.108693 0.182113 0.245744 0.290595 0.330316 0.367051 0.385969 0.376346 0.338047 0.281993 0.224962 0.169367 0.113778 0.109989 0.156358 0.205508 0.276491 0.356264 0.400839 0.401266 0.389414 0.396141 0.414097 0.405964 0.339161 0.216006 0.116251 0.187287 0.274640 0.306165 0.294399 0.256234 0.183537 0.069256 0.080740 0.233186 0.370357 0.463192 0.486833 0.435693 
0.164832 0.109747 0.067839 0.140799 0.165706 0.117107 0.047882 0.018959 0.018427 0.050567 0.108693 0.182113 0.245744 0.290595 0.330316 0.367051 0.385969 0.376346 0.338047 0.281993 0.224962 0.169367 0.113778 0.109989 0.156358 0.205508 0.276491 0.356264 0.400839 0.401266 0.389414 0.396141 0.414097 0.405964 0.339161 0.216006 0.116251 0.187287 0.274640 0.306165 0.294399 0.256234 0.183537 0.069256 0.080740 0.233186 0.370357 0.463192 0.486833 0.435693 
0.222577 0.241673 0.249358 0.247379 0.228015 0.184926 0.122614 0.051265 0.023067 0.094133 0.153060 0.185304 0.186240 0.180391 0.211895 0.277393 0.340948 0.384904 0.408708 0.414998 0.404433 0.381590 0.361650 0.364978 0.396018 0.433482 0.446569 0.412799 0.328275 0.209612 0.092837 0.096504 0.188484 0.261791 0.300772 0.307566 0.292972 0.265483 0.226986 0.184412 0.163859 0.182831 0.216738 0.251102 0.297051 0.356365 0.409751 0.437501 0.431171 0.391353 
0.222577 0.241673 0.249358 0.247379 0.228015 0.184926 0.122614 0.051265 0.023067 0.094133 0.153060 0.185304 0.186240 0.180391 0.211895 0.277393 0.340948 0.384904 0.408708 0.414998 0.404433 0.381590 0.361650 0.364978 0.396018 0.433482 0.446569 0.412799 0.328275 0.209612 0.092837 0.096504 0.188484 0.261791 0.300772 0.307566 0.292972 0.265483 0.226986 0.184412 0.163859 0.182831 0.216738 0.251102 0.297051 0.356365 0.409751 0.437501 0.431171 0.391353 
0.222577 0.241673 0.249358 0.247379 0.228015 0.184926 0.122614 0.051265 0.023067 0.094133 0.153060 0.185304 0.186240 0.180391 0.211895 0.277393 0.340948 0.384904 0.408708 0.414998 0.404433 0.381590 0.361650 0.364978 0.396018 0.433482 0.446569 0.412799 0.328275 0.209612 0.092837 0.096504 0.188484 0.261791 0.300772 0.307566 0.292972 0.265483 0.226986 0.184412 0.163859 0.182831 0.216738 0.251102 0.297051 0.356365 0.409751 0.437501 0.431171 0.391353 
0.222577 0.241673 0.249358 0.247379 0.228015 0.184926 0.122614 0.051265 0.023067 0.094133 0.153060 0.185304 0.186240 0.180391 0.211895 0.277393 0.340948 0.384904 0.408708 0.414998 0.404433 0.381590 0.361650 0.364978 0.396018 0.433482 0.446569 0.412799 0.328275 0.209612 0.092837 0.096504 0.188484 0.261791 0.300772 0.307566 0.292972 0.265483 0.226986 0.184412 0.163859 0.182831 0.216738 0.251102 0.297051 0.356365 0.409751 0.437501 0.431171 0.391353 
0.222577 0.241673 0.249358 0.247379 0.228015 0.184926 0.122614 0.051265 0.023067 0.094133 0.153060 0.185304 0.186240 0.180391 0.211895 0.277393 0.340948 0.384904 0.408708 0.414998 0.404433 0.381590 0.361650 0.364978 0.396018 0.433482 0.446569 0.412799 0.328275 0.209612 0.092837 0.096504 0.188484 0.261791 0.300772 0.307566 0.292972 0.265483 0.226986 0.184412 0.163859 0.182831 0.216738 0.251102 0.297051 0.356365 0.409751 0.437501 0.431171 0.391353 
0.322717 0.368302 0.393753 0.394386 0.369302 0.322560 0.264571 0.212966 0.186536 0.183883 0.179755 0.152472 0.097243 0.038400 0.087131 0.163773 0.230144 0.290594 0.356770 0.433128 0.512633 0.583936 0.638105 0.669459 0.673315 0.645306 0.584241 0.496207 0.395954 0.303560 0.237538 0.206965 0.206777 0.222434 0.238733 0.244313 0.232635 0.200904 0.149002 0.082635 0.055667 0.131301 0.219590 0.294760 0.346726 0.371584 0.371528 0.353713 0.326462 0.294491 
0.322717 0.368302 0.393753 0.394386 0.369302 0.322560 0.264571 0.212966 0.186536 0.183883 0.179755 0.152472 0.097243 0.038400 0.087131 0.163773 0.230144 0.290594 0.356770 0.433128 0.512633 0.583936 0.638105 0.669459 0.673315 0.645306 0.584241 0.496207 0.395954 0.303560 0.237538 0.206965 0.206777 0.222434 0.238733 0.244313 0.232635 0.200904 0.149002 0.082635 0.055667 0.131301 0.219590 0.294760 0.346726 0.371584 0.371528 0.353713 0.326462 0.294491 
0.322717 0.368302 0.393753 0.394386 0.369302 0.322560 0.264571 0.212966 0.186536 0.183883 0.179755 0.152472 0.097243 0.038400 0.087131 0.163773 0.230144 0.290594 0.356770 0.433128 0.512633 0.583936 0.638105 0.669459 0.673315 0.645306 0.584241 0.496207 0.395954 0.303560 0.237538 0.206965 0.206777 0.222434 0.238733 0.244313 0.232635 0.200904 0.149002 0.082635 0.055667 0.131301 0.219590 0.294760 0.346726 0.371584 0.371528 0.353713 0.326462 0.294491 
0.322717 0.368302 0.393753 0.394386 0.369302 0.322560 0.264571 0.212966 0.186536 0.183883 0.179755 0.152472 0.097243 0.038400 0.087131 0.163773 0.230144 0.290594 0.356770 0.433128 0.512633 0.583936 0.638105 0.669459 0.673315 0.645306 0.584241 0.496207 0.395954 0.303560 0.237538 0.206965 0.206777 0.222434 0.238733 0.244313 0.232635 0.200904 0.149002 0.082635 0.055667 0.131301 0.219590 0.294760 0.346726 0.371584 0.371528 0.353713 0.326462 0.294491 
0.322717 0.368302 0.393753 0.394386 0.369302 0.322560 0.264571 0.212966 0.186536 0.183883 0.179755 0.152472 0.097243 0.038400 0.087131 0.163773 0.230144 0.290594 0.356770 0.433128 0.512633 0.583936 0.638105 0.669459 0.673315 0.645306 0.584241 0.496207 0.395954 0.303560 0.237538 0.206965 0.206777 0.222434 0.238733 0.244313 0.232635 0.200904 0.149002 0.082635 0.055667 0.131301 0.219590 0.294760 0.346726 0.371584 0.371528 0.353713 0.326462 0.294491 
0.412129 0.470166 0.514292 0.540768 0.548283 0.538102 0.513544 0.478934 0.438445 0.395426 0.352605 0.312680 0.278068 0.249152 0.223074 0.197131 0.178675 0.193506 0.260134 0.363756 0.480886 0.592058 0.681756 0.738549 0.755855 0.732491 0.672581 0.584683 0.480251 0.371899 0.272248 0.194157 0.150668 0.144747 0.159526 0.178287 0.195239 0.210415 0.225555 0.242573 0.262520 0.284042 0.302582 0.311688 0.305829 0.283079 0.246571 0.204374 0.167467 0.144519 
0.412129 0.470166 0.514292 0.540768 0.548283 0.538102 0.513544 0.478934 0.438445 0.395426 0.352605 0.312680 0.278068 0.249152 0.223074 0.197131 0.178675 0.193506 0.260134 0.363756 0.480886 0.592058 0.681756 0.738549 0.755855 0.732491 0.672581 0.584683 0.480251 0.371899 0.272248 0.194157 0.150668 0.144747 0.159526 0.178287 0.195239 0.210415 0.225555 0.242573 0.262520 0.284042 0.302582 0.311688 0.305829 0.283079 0.246571 0.204374 0.167467 0.144519 
0.412129 0.470166 0.514292 0.540768 0.548283 0.538102 0.513544 0.478934 0.438445 0.395426 0.352605 0.312680 0.278068 0.249152 0.223074 0.197131 0.178675 0.193506 0.260134 0.363756 0.480886 0.592058 0.681756 0.738549 0.755855 0.732491 0.672581 0.584683 0.480251 0.371899 0.272248 0.194157 0.150668 0.144747 0.159526 0.178287 0.195239 0.210415 0.225555 0.242573 0.262520 0.284042 0.302582 0.311688 0.305829 0.283079 0.246571 0.204374 0.167467 0.144519 
0.412129 0.470166 0.514292 0.540768 0.548283 0.538102 0.513544 0.478934 0.438445 0.395426 0.352605 0.312680 0.278068 0.249152 0.223074 0.197131 0.178675 0.193506 0.260134 0.363756 0.480886 0.592058 0.681756 0.738549 0.755855 0.732491 0.672581 0.584683 0.480251 0.371899 0.272248 0.194157 0.150668 0.144747 0.159526 0.178287 0.195239 0.210415 0.225555 0.242573 0.262520 0.284042 0.302582 0.311688 0.305829 0.283079 0.246571 0.204374 0.167467 0.144519 
0.412129 0.470166 0.514292 0.540768 0.548283 0.538102 0.513544 0.478934 0.438445 0.395426 0.352605 0.312680 0.278068 0.249152 0.223074 0.197131 0.178675 0.193506 0.260134 0.363756 0.480886 0.592058 0.681756 0.738549 0.755855 0.732491 0.672581 0.584683 0.480251 0.371899 0.272248 0.194157 0.150668 0.144747 0.159526 0.178287 0.195239 0.210415 0.225555 0.242573 0.262520 0.284042 0.302582 0.311688 0.305829 0.283079 0.246571 0.204374 0.167467 0.144519 